{
  "bind_shape_matrix": [
    0.3189840018749237,
    0.0,
    0.0,
    0.0,
    0.0,
    1.1462199687957764,
    0.0,
    0.0,
    0.0,
    0.0,
    0.6541889905929565,
    0.0,
    -0.030049994587898254,
    -9.000301361083984e-05,
    1.2592754364013672,
    1.0
  ],
  "inverse_bind_matrix": [
    [
      14.285699844360352,
      0.0,
      0.0,
      0.0,
      0.0,
      7.142859935760498,
      0.0,
      0.0,
      0.0,
      0.0,
      20.0,
      0.0,
      0.23278599977493286,
      0.607142984867096,
      -30.827199935913086,
      1.0
    ],
    [
      1.0,
      0.0,
      0.0,
      0.0,
      0.0,
      1.0,
      0.0,
      0.0,
      0.0,
      0.0,
      1.0,
      0.0,
      0.035999998450279236,
      0.08500000089406967,
      -1.5213799476623535,
      1.0
    ],
    [
      1.0,
      0.0,
      0.0,
      0.0,
      0.0,
      1.0,
      0.0,
      0.0,
      0.0,
      0.0,
      1.0,
      0.0,
      0.014999999664723873,
      0.0,
      -1.3563799858093262,
      1.0
    ],
    [
      1.0,
      0.0,
      0.0,
      0.0,
      0.0,
      1.0,
      0.0,
      0.0,
      0.0,
      0.0,
      1.0,
      0.0,
      0.0,
      0.0,
      -1.151379942893982,
      1.0
    ],
    [
      1.0,
      0.0,
      0.0,
      0.0,
      0.0,
      1.0,
      0.0,
      0.0,
      0.0,
      0.0,
      1.0,
      0.0,
      0.014999999664723873,
      0.0,
      -1.3563799858093262,
      1.0
    ],
    [
      1.0,
      0.0,
      0.0,
      0.0,
      0.0,
      1.0,
      0.0,
      0.0,
      0.0,
      0.0,
      1.0,
      0.0,
      0.0,
      0.0,
      -1.151379942893982,
      1.0
    ],
    [
      1.0,
      0.0,
      0.0,
      0.0,
      0.0,
      1.0,
      0.0,
      0.0,
      0.0,
      0.0,
      1.0,
      0.0,
      0.0,
      0.0,
      -1.0673799514770508,
      1.0
    ],
    [
      1.0,
      0.0,
      0.0,
      0.0,
      0.0,
      1.0,
      0.0,
      0.0,
      0.0,
      0.0,
      1.0,
      0.0,
      0.0,
      0.0,
      -1.151379942893982,
      1.0
    ],
    [
      1.0,
      0.0,
      0.0,
      0.0,
      0.0,
      1.0,
      0.0,
      0.0,
      0.0,
      0.0,
      1.0,
      0.0,
      0.0,
      0.0,
      -1.067020058631897,
      1.0
    ],
    [
      8.952799797058105,
      0.0,
      -0.868241012096405,
      0.0,
      0.0,
      6.666669845581055,
      0.0,
      0.0,
      1.5786199569702148,
      0.0,
      4.924039840698242,
      0.0,
      -2.364150047302246,
      0.0,
      -7.010540008544922,
      1.0
    ],
    [
      1.0,
      0.0,
      0.0,
      0.0,
      2.6341799852502845e-09,
      0.7071070075035095,
      -0.7071070075035095,
      0.0,
      2.6341799852502845e-09,
      0.7071070075035095,
      0.7071070075035095,
      0.0,
      0.036295000463724136,
      -0.9595040082931519,
      -1.1920299530029297,
      1.0
    ],
    [
      20.0,
      0.0,
      0.0,
      0.0,
      0.0,
      3.781100034713745,
      -15.320899963378906,
      0.0,
      0.0,
      4.506140232086182,
      12.855799674987793,
      0.0,
      0.7258999943733215,
      -5.535719871520996,
      -22.485700607299805,
      1.0
    ],
    [
      11.111100196838379,
      0.0,
      0.0,
      0.0,
      0.0,
      7.692309856414795,
      0.0,
      0.0,
      8.623350034042687e-09,
      0.0,
      6.666669845581055,
      0.0,
      0.170755997300148,
      0.0,
      -9.15310001373291,
      1.0
    ],
    [
      20.0,
      0.0,
      0.0,
      0.0,
      0.0,
      16.66670036315918,
      0.0,
      0.0,
      0.0,
      0.0,
      12.5,
      0.0,
      0.4975000023841858,
      0.0,
      -20.33839988708496,
      1.0
    ],
    [
      1.0,
      0.0,
      0.0,
      0.0,
      0.0,
      1.0,
      0.0,
      0.0,
      0.0,
      0.0,
      1.0,
      0.0,
      0.02487500011920929,
      0.0,
      -1.607069969177246,
      1.0
    ],
    [
      19.689199447631836,
      -2.1916699409484863,
      0.3339489996433258,
      0.0,
      2.495150089263916,
      8.225680351257324,
      -24.752099990844727,
      0.0,
      2.4720699787139893,
      9.153400421142578,
      22.323400497436523,
      0.0,
      -1.0763399600982666,
      -6.448639869689941,
      -38.88679885864258,
      1.0
    ],
    [
      0.9999979734420776,
      -0.0019996101036667824,
      0.0008282649796456099,
      0.0,
      0.0019996101036667824,
      0.7071049809455872,
      -0.7071049809455872,
      0.0,
      0.0008282649796456099,
      0.7071049809455872,
      0.7071080207824707,
      0.0,
      0.03585829958319664,
      -0.5068320035934448,
      -1.1922600269317627,
      1.0
    ],
    [
      0.9999979734420776,
      -0.0020000000949949026,
      0.0008280000183731318,
      0.0,
      0.0020000000949949026,
      0.7071049809455872,
      -0.7071049809455872,
      0.0,
      0.0008279960020445287,
      0.7071049809455872,
      0.7071080207824707,
      0.0,
      0.03585899993777275,
      -0.7115749716758728,
      -1.1920000314712524,
      1.0
    ],
    [
      24.999900817871094,
      -0.013956000097095966,
      0.023298999294638634,
      0.0,
      0.05000000074505806,
      4.779489994049072,
      -18.57859992980957,
      0.0,
      0.02071099914610386,
      5.308169841766357,
      16.728300094604492,
      0.0,
      0.8964859843254089,
      -4.808010101318359,
      -28.958900451660156,
      1.0
    ],
    [
      0.9163669943809509,
      0.07201699912548065,
      0.3938089907169342,
      0.0,
      0.1188109964132309,
      0.8904470205307007,
      -0.439303994178772,
      0.0,
      -0.38230299949645996,
      0.4493519961833954,
      0.807420015335083,
      0.0,
      0.51316899061203,
      -0.0907440036535263,
      -1.1683000326156616,
      1.0
    ],
    [
      0.9319689869880676,
      0.24829800426959991,
      0.26416099071502686,
      0.0,
      -0.02338300086557865,
      0.768297016620636,
      -0.6396669745445251,
      0.0,
      -0.3617820143699646,
      0.589972972869873,
      0.7218350172042847,
      0.0,
      0.40104299783706665,
      -0.2437240034341812,
      -1.1804200410842896,
      1.0
    ],
    [
      0.965412974357605,
      -0.157709002494812,
      -0.20761699974536896,
      0.0,
      -0.015564999543130398,
      0.7600290179252625,
      -0.6497020125389099,
      0.0,
      0.2602590024471283,
      0.6304630041122437,
      0.7312880158424377,
      0.0,
      -0.2662949860095978,
      -0.2996309995651245,
      -1.2001399993896484,
      1.0
    ],
    [
      14.285699844360352,
      0.0,
      0.0,
      0.0,
      0.0,
      7.142859935760498,
      0.0,
      0.0,
      0.0,
      0.0,
      20.0,
      0.0,
      0.23278599977493286,
      -0.607142984867096,
      -30.827199935913086,
      1.0
    ],
    [
      1.0,
      0.0,
      0.0,
      0.0,
      0.0,
      1.0,
      0.0,
      0.0,
      0.0,
      0.0,
      1.0,
      0.0,
      0.035999998450279236,
      -0.08500000089406967,
      -1.5213799476623535,
      1.0
    ],
    [
      8.252229690551758,
      0.0,
      0.8186650276184082,
      0.0,
      0.0,
      6.25,
      0.0,
      0.0,
      -1.1597800254821777,
      0.0,
      5.825109958648682,
      0.0,
      1.2968300580978394,
      0.0,
      -6.090789794921875,
      1.0
    ],
    [
      0.9283679723739624,
      0.020161999389529228,
      0.3711149990558624,
      0.0,
      0.16619600355625153,
      0.8706110119819641,
      -0.4630500078201294,
      0.0,
      -0.33243298530578613,
      0.4915589988231659,
      0.8048970103263855,
      0.0,
      0.45058199763298035,
      -0.11499100178480148,
      -1.1762100458145142,
      1.0
    ],
    [
      0.8221949934959412,
      -0.3776470124721527,
      -0.4258840084075928,
      0.0,
      0.11812599748373032,
      0.8451250195503235,
      -0.521353006362915,
      0.0,
      0.5568130016326904,
      0.3783459961414337,
      0.739467978477478,
      0.0,
      -0.5196760296821594,
      0.007901979610323906,
      -1.1486300230026245,
      1.0
    ],
    [
      0.9987319707870483,
      -0.049830999225378036,
      -0.007089999970048666,
      0.0,
      0.03013399988412857,
      0.704800009727478,
      -0.708765983581543,
      0.0,
      0.04031499847769737,
      0.7076539993286133,
      0.705407977104187,
      0.0,
      -0.008488999679684639,
      -0.41053301095962524,
      -1.2015999555587769,
      1.0
    ],
    [
      0.928991973400116,
      -0.07955499738454819,
      0.3614490032196045,
      0.0,
      0.2616580128669739,
      0.8318700194358826,
      -0.4894149899482727,
      0.0,
      -0.2617430090904236,
      0.5492380261421204,
      0.7936170101165771,
      0.0,
      0.401203989982605,
      -0.1690800040960312,
      -1.1763999462127686,
      1.0
    ],
    [
      20.0,
      0.0,
      0.0,
      0.0,
      1.0113800499311765e-06,
      3.781100034713745,
      15.320899963378906,
      0.0,
      2.6230999594645255e-08,
      -4.506140232086182,
      12.855799674987793,
      0.0,
      0.7258999943733215,
      5.535719871520996,
      -22.485700607299805,
      1.0
    ],
    [
      1.0,
      0.0,
      0.0,
      0.0,
      -2.6341799852502845e-09,
      0.7071070075035095,
      0.7071070075035095,
      0.0,
      2.6341799852502845e-09,
      -0.7071070075035095,
      0.7071070075035095,
      0.0,
      0.036295000463724136,
      0.9595040082931519,
      -1.1920299530029297,
      1.0
    ],
    [
      24.999900817871094,
      0.013956000097095966,
      0.023298999294638634,
      0.0,
      -0.05000000074505806,
      4.779489994049072,
      18.57859992980957,
      0.0,
      0.02071000076830387,
      -5.308169841766357,
      16.728300094604492,
      0.0,
      0.8964859843254089,
      4.808010101318359,
      -28.958900451660156,
      1.0
    ],
    [
      0.9999979734420776,
      0.0020000000949949026,
      0.0008280000183731318,
      0.0,
      -0.0020000000949949026,
      0.7071049809455872,
      0.7071059942245483,
      0.0,
      0.0008280000183731318,
      -0.7071059942245483,
      0.7071070075035095,
      0.0,
      0.03585899993777275,
      0.7115749716758728,
      -1.1920000314712524,
      1.0
    ],
    [
      19.68910026550293,
      2.19173002243042,
      0.33403000235557556,
      0.0,
      -2.495229959487915,
      8.225580215454102,
      24.752300262451172,
      0.0,
      2.472140073776245,
      -9.153470039367676,
      22.32309913635254,
      0.0,
      -1.0763700008392334,
      6.448780059814453,
      -38.886600494384766,
      1.0
    ],
    [
      0.9999979734420776,
      0.0019948899280279875,
      0.0008263459894806147,
      0.0,
      -0.0019948899280279875,
      0.7070840001106262,
      0.7071269750595093,
      0.0,
      0.0008263459894806147,
      -0.7071269750595093,
      0.7070860266685486,
      0.0,
      0.03585910052061081,
      0.5068680047988892,
      -1.1922399997711182,
      1.0
    ],
    [
      0.9163669943809509,
      -0.07201699912548065,
      0.3938089907169342,
      0.0,
      -0.1188109964132309,
      0.8904470205307007,
      0.439303994178772,
      0.0,
      -0.38230299949645996,
      -0.4493519961833954,
      0.807420015335083,
      0.0,
      0.51316899061203,
      0.0907440036535263,
      -1.1683000326156616,
      1.0
    ],
    [
      1.0,
      0.0,
      0.0,
      0.0,
      0.0,
      1.0,
      0.0,
      0.0,
      0.0,
      0.0,
      1.0,
      0.0,
      -0.03375700116157532,
      -0.12676499783992767,
      -1.0260200500488281,
      1.0
    ],
    [
      0.9319689869880676,
      -0.24829800426959991,
      0.26416099071502686,
      0.0,
      0.02338300086557865,
      0.768297016620636,
      0.6396660208702087,
      0.0,
      -0.3617820143699646,
      -0.589972972869873,
      0.7218350172042847,
      0.0,
      0.40104299783706665,
      0.2437240034341812,
      -1.1804200410842896,
      1.0
    ],
    [
      0.965412974357605,
      0.157709002494812,
      -0.20761699974536896,
      0.0,
      0.015564999543130398,
      0.7600290179252625,
      0.6497020125389099,
      0.0,
      0.2602590024471283,
      -0.6304630041122437,
      0.7312880158424377,
      0.0,
      -0.2662949860095978,
      0.2996309995651245,
      -1.2001399993896484,
      1.0
    ],
    [
      0.9283679723739624,
      -0.020161999389529228,
      0.3711149990558624,
      0.0,
      -0.16619600355625153,
      0.8706110119819641,
      0.4630500078201294,
      0.0,
      -0.33243298530578613,
      -0.4915589988231659,
      0.8048970103263855,
      0.0,
      0.45058199763298035,
      0.11499100178480148,
      -1.1762100458145142,
      1.0
    ],
    [
      0.8221949934959412,
      0.3776470124721527,
      -0.4258840084075928,
      0.0,
      -0.11812599748373032,
      0.8451250195503235,
      0.521353006362915,
      0.0,
      0.5568130016326904,
      -0.3783459961414337,
      0.739467978477478,
      0.0,
      -0.5196760296821594,
      -0.007901979610323906,
      -1.1486300230026245,
      1.0
    ],
    [
      0.928991973400116,
      0.07955499738454819,
      0.3614490032196045,
      0.0,
      -0.2616580128669739,
      0.8318700194358826,
      0.4894149899482727,
      0.0,
      -0.2617430090904236,
      -0.5492380261421204,
      0.7936170101165771,
      0.0,
      0.401203989982605,
      0.1690800040960312,
      -1.1763999462127686,
      1.0
    ],
    [
      0.9987319707870483,
      0.049830999225378036,
      -0.007089999970048666,
      0.0,
      -0.03013399988412857,
      0.704800009727478,
      0.708765983581543,
      0.0,
      0.04031600058078766,
      -0.7076539993286133,
      0.705407977104187,
      0.0,
      -0.008488999679684639,
      0.41053301095962524,
      -1.2015999555587769,
      1.0
    ],
    [
      11.111100196838379,
      0.0,
      0.0,
      0.0,
      0.0,
      7.692309856414795,
      0.0,
      0.0,
      0.0,
      0.0,
      6.666669845581055,
      0.0,
      0.0,
      0.0,
      -7.827250003814697,
      1.0
    ],
    [
      10.0,
      0.0,
      0.0,
      0.0,
      0.0,
      10.0,
      0.0,
      0.0,
      0.0,
      0.0,
      10.0,
      0.0,
      0.6000000238418579,
      0.0,
      -9.670149803161621,
      1.0
    ],
    [
      11.003000259399414,
      0.0,
      0.9278209805488586,
      0.0,
      0.0,
      7.692309856414795,
      0.0,
      0.0,
      -1.546370029449463,
      0.0,
      6.601789951324463,
      0.0,
      1.5337799787521362,
      0.0,
      -7.889289855957031,
      1.0
    ],
    [
      11.111100196838379,
      0.0,
      0.0,
      0.0,
      0.0,
      11.111100196838379,
      0.0,
      0.0,
      0.0,
      0.0,
      3.125,
      0.0,
      -0.1528560072183609,
      0.852944016456604,
      -2.5188000202178955,
      1.0
    ],
    [
      1.0,
      0.0,
      0.0,
      0.0,
      0.0,
      1.0,
      0.0,
      0.0,
      0.0,
      0.0,
      1.0,
      0.0,
      -0.03375700116157532,
      0.12676499783992767,
      -1.0260200500488281,
      1.0
    ],
    [
      11.111100196838379,
      0.0,
      0.0,
      0.0,
      0.0,
      11.111100196838379,
      0.0,
      0.0,
      0.0,
      0.0,
      3.125,
      0.0,
      -0.1528560072183609,
      -0.852944016456604,
      -2.5188000202178955,
      1.0
    ],
    [
      19.944000244140625,
      -1.1622399709310116e-09,
      1.496090054512024,
      0.0,
      0.0,
      20.0,
      0.0,
      0.0,
      -1.496090054512024,
      -9.330690176057033e-08,
      19.944000244140625,
      0.0,
      0.024653900414705276,
      1.6399999856948853,
      -28.035999298095703,
      1.0
    ],
    [
      19.944000244140625,
      1.1622399709310116e-09,
      1.496090054512024,
      0.0,
      0.0,
      20.0,
      0.0,
      0.0,
      -1.496090054512024,
      9.330690176057033e-08,
      19.944000244140625,
      0.0,
      0.024653900414705276,
      -1.6399999856948853,
      -28.035999298095703,
      1.0
    ]
  ],
  "joint_names": [
    "R_CLAVICLE",
    "mCollarRight",
    "mChest",
    "mSpine4",
    "mSpine3",
    "mTorso",
    "mSpine2",
    "mSpine1",
    "mPelvis",
    "CHEST",
    "mShoulderRight",
    "R_UPPER_ARM",
    "UPPER_BACK",
    "NECK",
    "mNeck",
    "R_HAND",
    "mWristRight",
    "mElbowRight",
    "R_LOWER_ARM",
    "mHandThumb1Right",
    "mHandIndex1Right",
    "mHandRing1Right",
    "L_CLAVICLE",
    "mCollarLeft",
    "PELVIS",
    "mHandThumb2Right",
    "mHandPinky1Right",
    "mHandMiddle1Right",
    "mHandThumb3Right",
    "L_UPPER_ARM",
    "mShoulderLeft",
    "L_LOWER_ARM",
    "mElbowLeft",
    "L_HAND",
    "mWristLeft",
    "mHandThumb1Left",
    "mHipLeft",
    "mHandIndex1Left",
    "mHandRing1Left",
    "mHandThumb2Left",
    "mHandPinky1Left",
    "mHandThumb3Left",
    "mHandMiddle1Left",
    "LOWER_BACK",
    "BUTT",
    "BELLY",
    "R_UPPER_LEG",
    "mHipRight",
    "L_UPPER_LEG",
    "RIGHT_PEC",
    "LEFT_PEC"
  ]
}